Sequence,Label
VSRRRRRRGGRRRR,1
SGLDSLSGATFGGNR,0
NSELINSLLGIPKVM,0
ADDGAPLIRF,0
DHLPHVYSPRL,0
SSEDMDRLGFA,0
FKCRRWQWRMKKLG,1
DFDEIDRSGFG,0
HSQGTFTSDYSKYLDSRRAQDFVQWLMNT,0
GRNDLNFIRY,0
CGGYCGGWKRKRCTSYRCG,1
KCYGKWAMHACWGGN,0
GLWSTIKNVGKEAAIAAGKAALGAL,1
GDNKPPKKGPPNG,0
GFKNVQLSTARGF,0
NFDEIDRSGFGFA,0
RSTPGYGRMDRILAA,0
AGRQALWLYLKEELRKFGKKARIAW,1
ISINQDLKAITDMLLTEQIRERQRYLADL,0
QTFHYSQGWTN,0
PPPRAAPAPTHV,0
SDPDLDDVIRASLLAYSLDDSPNN,0
DGSYKMKHFRWSSPPAG,0
FLSLIPHIVSGVASIAKHFG,1
VYGPRDIANLY,0
GGGSSGETNGMWFGPRL,0
RSVEGVSRMEKLLS,0
EHWSYGMNPG,0
FLKALWKVAKSVF,1
NRVYVHPFTL,0
NNANVFYPWG,0
AGKETIRQFLKKKIQEKGKIATRWW,1
KPNAYKGKLPIGLW,0
QSHLSLCRYCCNCCRNKGCGYCCKF,1
GCRFCCNCCPNMSGCGVCCRF,0
ESRYRQCYFNPISCF,0
DQAAALPYYLYE,0
GRKKRRQRRRPPQ,1
AGKETIFQRLKKKIQEKWKRATIAW,1
QVNFTPNWGT,0
GSTGLIPFGRP,0
FLPAALAGIGGILGKLF,1
DYPKPSTRPPRHN,0
DTRPPGFTPFR,0
NNPNVFYPWG,0
GVWSTVLGGLKKFAKGGLEAIVNPK,1
SEDRSTGNSLRDSSSFFPARF,0
QHWSDYFKPG,0
LTSNKDEEQRELLKAISNLLD,0
WYKPAAGSHHYSVGRAAGLLSSFHRFPST,0
SVDQDLGPEVPPENVLGALL,0
GMDHFAFTGGL,0
KKLALALKKLALLWKKLALALKKA,1
AIPFNGGMYG,0
LRSQLDIGDLQ,0
LRNQLDIGDLQ,0
GIPCAESCVWIPCTVTALVGCSCSDKVCYN,1
ADDKNPLEECFCEDDDYCEG,1
AGGRQYGFGL,0
SEGHKNPKELPKFFEIKPRVDQFFIGSRY,0
VIKNLQNLDPSHRISDRDYMGWMDF,0
GEKESRPLSSYPGSV,0
PASDSGFLRDP,0
ARYKPPLSKKCCSTGCNREDFRGYCYL,0
LNLKGLFKKVASLLT,1
LISWIKRKRQQGIGAVLKVLTTGL,1
SDPGEDMLKSILLRGAPSNNGLQY,0
SPGSQDFMRF,0
VLGWNKAHGLWG,0
GGSSGLISVPRV,0
DNPSVGQFYGLM,0
GWTLNSAGYLLGPHAIDNHRSFNDKHGLA,0
GGAGEPLAFSPDMLSLRF,0
DFDEIDRSSFGF,0
GIVEQCCHHPCNIFDLQNYCN,0
GIVEQCCDTPCSLYDPENYCN,0
GIGAVLKVLTTGLPALISWIKRKRQQ,1
TQWSKFQGSW,0
YPIKPEAPGEDAFLG,0
TPSLSSLGESLESGIS,0
GFKEVLKAGLGSLVKGIPAHVAN,0
FLGGLMKAFPAIICAVTKKC,1
VVPPQHLCGAHLVDALYLVCGERGFFYTPK,0
WGKETIRQFLKKKIQEKGKIATRAW,1
LEGQEEEEDNRDSSMKLSF,0
DPPDPDRFYGMM,0
KLIQIRIWIQYVTVLQMFSMKTKQ,1
DYTIRTRLHQGLSRKIV,0
WYKHTASPRYHTVGRAAGLLMGL,0
TSISRSKDAKKPSLDILEGAGFSPL,0
FLGALWNVAKSVF,1
SLVPQSYSNNENQI,0
SEDRSTGNSLKDSSSFSPARY,0
QYTSELEEDE,0
NPPDHSAPLGATRPSAPPLPHVVDLPQLGP,1
AGTEKIFNRLKKTINEWKKIAKRAW,1
DAARPNYYFL,0
PQVGLIPFPRV,0
FDAYTTGFGHS,0
ISSQHLCGSHLVEALNLVCGDRGFFYNPR,0
GLLKRIKTLL,1
KRPPGFSPFR,0
APAEHRFSFGL,0
FVPIFTYGEVRRMQEKERYKGQ,0
NTGDKFYGLM,0
TVGDVNTDRPGMLDF,0
SGFNSPSPRY,0
SANTKNDFMRF,0
TNEIVEEQYTPQS,0
RRIPRPILLPWRPPRPIPRPQPQPIPRWL,1
SVDNQQGRERKAGCKNFYWKGPTSC,0
PKLLKTFLSKWK,1
ACYCRIPACIAGERRYGTCIYQGRLWAFCC,1
DHLPHDVYSPRL,0
QKIAEKFSGTRRG,0
FLKGIVGKLGKLF,1
SSEVALAASDKGDEERELLNTLSNLLE,0
DAGWWIPQHGHHALAGVR,0
VPASGFFGMR,0
KPPSSSEFVGLM,0
YIGSLARAGGLMTY,0
DDGPYKMEHFRWGSPGKD,0
QADFDDPRMFTSSF,0
KMVQGSGCFGRKMDRISSSSGLGCKVLR,0
TIPDRLPQTEESSLPDFGFSHLPALPLEL,0
ANSNPALAPRE,0
APPQILKSQSLIPFPRV,0
QDVDHVFLRF,0
FFGSLLSLGSKLLPSVFKLFQRKKE,1
DAADFADPYSFLYRLIQAEARKMSGCSN,0
PVKVYTSNGVEEESAEVFPGEM,0
KLLKKPLKLKL,1
GSSFLSPEHQRVQQRKESKKPPAKLQP,0
TSGLIAFPRL,0
PLGFLSQDHSV,0
AGKKTIRQYLKNEIKKKGRKAWIAW,1
SSSEQEEEDVRQVE,0
AGKETIRKYLKNEIKKKGRKAVWAW,1
NDPFLRFGKKSDPFLRF,0
SAPSDFSRDIMSFG,0
FDEIDRSGFGFA,0
QDVVHSFLRF,0
SLALGRVDFRPG,0
QHWSHGLNPG,0
GVVEECCYQSCTLDELLTYC,0
DSHAKRHHGYKRKFHEKHHSHRGY,1
LLGMIPVAISAISALSKL,1
SSIQSLLNLPQRF,0
GSSGLIPFPRV,0
GKPFYPPPIYPEDM,0
QIRYRQCYFNPISCF,0
SIVLRGKAPFR,0
GGEEQFDDYGHMRF,0
GIVEQCCTGICSLYQLENYCN,0
SGETSGEGNGMWFGPRL,0
AFDRIEGSGFGLD,0
AAPSAPLIRF,0
VVNTPGHAVSYHVY,0
SPMQRSSMVRFG,0
RNSPSSYGLPSRDMSTAY,0
CTCFTYKDKECVYYCHLDIIW,0
KWKLFKKIKFLHSAKKF,1
FDAFTTGFGHS,0
LNSAGYLLGPHAIDNHRSFHEKPGLT,0
SADWNSLRGTW,0
DNYIKMSDKCCNVGCTRRELASRC,0
AIILVPAFF,1
NSELINAILGSPTLMGEV,0
GGGGTSGLFAFPRV,0
AGAPEPAEPAQPGVY,0
FVPIFTHSELQKIREKERNKGQ,0
ADDRNPLEEFRENNYEEFL,1
GRHDSVLPPPSPKTD,0
WGRQTIKAYLRREIRKRGRIAVKAW,1
GASGLISFPRV,0
PGGVLSYY,1
TPMQRSSMVRF,0
QPHPDEFVGLM,0
NIQSLLRTGMLPSIAPK,0
TLQPPSALRRRHYHHALPPSRHYP,0
YGGFLRQFKVVT,0
NCNKYGNACFGAH,0
KWKSFLKTFKSAVKTVLHTALKAISS,1
SVVPSPKVSDTVVEPYNA,0
YRKPPFNGSIF,0
AYRKPPFNGSLF,0
AGRQWLTLYLKEELRKRGKKAFIAW,1
APSSNSFMGMR,0
LINSLLGIPKVMNDA,0
SYWKQCAFNAVSCF,0
NLDEIDRSNFGTFA,0
AGRQTIKAYLRREIRKVGRKARIWW,1
SVSQLNQYAGFDTLGGMGL,0
SFSVNPAVEILQHRYMEKVAQNNRNFLNRV,0
NIQSLKNAQGQGGGSSSG,0
DDGSYRMEHFRWGTPRKG,0
QHWSFGLSPG,0
AGKETIRQYLKNEIKKKGRKAWIAW,1
TLQPPASSRRRHFHHALPPAR,0
AANQRLCGSHLVDALYLVCGERGFFYSPKG,0
APLMGFQGVR,0
NSELINSLLGIPKVMNDA,0
GIVEQCCHRPCDKFDLQSYCN,0
AWTEKIFNRLKKTINEGKKIAKRAW,1
VKLFPWFNQY,1
SIGRRGGYCAGIIKQTCTCYR,1
AFDSLAGSGFSGFD,0
GLWSTIKQKGKEAAIAAAKAAGQAALGAL,1
AVHYSGGQPLGS,0
EAAGLIPFPRVG,0
SASGGAGESSGMWFGPRL,0
YPGPQAKEDSEGPSQGPASREK,0
GWGSFFKKAAHVGKHVGKAALTHYL,1
AGGSGGVGGEYDDYGHLRF,0
DTHFPIYIFCCGCCHRSKCGMCCKT,0
QYDRVAELDQLLHY,0
NSGMINSILGIPRVMTEA,0
SMDDLDDPRLMTMSF,0
QGTTNIVCECCMKPCTLSELRQYCP,0
GIVEQCCNSICSLYQLETYCN,0
YGGFLRRQFKVVTRSQENPNTYSEDLDV,0
APKPKFIRFG,0
DRGEMRDILEWGSPHAAAPR,0
SANSNPALAPR,0
GGETGNDAKAMWFGPRL,0
RKYMAYLRVLCKK,1
LTEQIRERQRYLADLRQRLLEK,0
GIVEQCCHKPCSIFELQNYCN,0
APAMGFQGVR,0
AQEEAEAEERRLQEQEELENYIEHVLLRRP,0
GLPVCGETCTLGTCYTQGCTCSWPICKRN,1
AGTQRIAKELRRYIRKVWRIARKAW,1
GQPGYGNAFL,0
EASAFGDIIGELKGKGLGGRMRF,0
GTLPCESCVWIPCISSVVGCSCKSKVCYKN,1
FGGFTGARKSARKLANQ,0
NLDEIDRSDFGRFV,0
LKPDEELQGPGGVLSRGYFVFRPRN,0
HKLDSFIGLM,0
ALDGLDGAGFGFD,0
SGPGPWQGGRRKFRRQRPRLSHKGPMPF,0
SLSAASAPLVETSTPLRL,0
NLQGLDPSHRISDRDYMGWMDF,0
VVSVVPGAISHA,0
ASEDALFGTMRFG,0
AGEGLNSQFWSLAAPQRF,0
LTNYLATTGHGTNTGGPVLT,0
SAEPQIDYEDMSADLEEIPVFIQ,0
GYRKPPFNGSIF,0
TIRAPQLRLRF,0
NPGTPQHLCGSHLVDALYLVCGPTGFFYNP,0
QLDPMLFSGRL,0
SFRNGVGSGVKKTSFRRAKQ,0
AGAQRLWLYLKEELRKRGKKAFIAW,1
AYGFRGPGPQL,0
HSEGTFSSDYSKYLDSRRAKDFVQWLMST,0
NFDEIDRSGFGF,0
WGAQRLTLYLKEELRKRGKKAFIAW,1
AIPNFVHKFV,0
AGKEKIRQFLKKTIQEKGKRAKIAW,1
GGLRSLGRKILRAWKKYGPIIVPIIRIG,1
TSRSYSINPYSFGL,0
YGGFMKSWEEDRQKPLVTLFKNIINKDEQQ,0
SSGVSLLTSNKDEEQRELLKA,0
NLASARASGYMLN,0
QGPWVEEEEAAYGWMDF,0
DVLELTDENFESRVSSDTG,0
NGERAPGSKKAPSGFLGTR,0
LYLKQADFDDPRMFTSSF,0
YPYLIFPASPSSGDSRRLV,0
PFDRISSSAFSDF,0
DFRPTTPGHSPGIGH,0
ALTTLYAFGL,0
WYGHGDFDEIDNVGWPGFT,0
AGKKTIRQYLKNKIKKKGRKAWIAW,1
ELYENKPRRPYIL,0
RPGPPGLQGRLQRLLQASGNHAAGILTM,0
RLRLRIGRR,1
SLEEILDEIK,0
GYSNKDFVRF,0
ASAYRYHFGL,0
KCCRCK,1
EIKARGKNKTKPTPSSGKGGKHN,0
AAPPQHLCGSHLVDALYLVCGERGFFYNPK,0
RSFDASPSATSGNHSLN,0
HSQGSFTSDYSKYLDSKQAKDFVIWLMNT,0
FPVDEEFQSPFGSRSRGYFLFRPRN,0
SSPETLISDLLMRESTENVPRTRLEDPAMW,0
AVVSGYDNIYQVLAPRF,0
PVKVYANGAEEESAEAFPLEF,0
AEDQELESLSAIEAELEKVAHQLQAL,0
FKVDEEFQGPIVSQNRRYFLFRPRN,0
ALWKTMLKKLGTMALHAGK,1
KPKPHQFFGLM,0
HISPSYDVEIDAGNMRNLLDIG,0
SAIDRSMIRF,0
ASSPRVDHRLV,0
GGRSNDNFIRF,0
NFDEIDRSSFG,0
LVVYPWTQRY,0
KKLKLALAKLALLWKALALKLKKA,1
KKALAKALKHWLPALHKLAKALAKK,1
NNNWSKFQGSW,0
TGPSASSGLWFGPRL,0
AYTYVSEYKRLPVYNFGI,0
QNYHFSNGWYAG,0
EGSPGMSSKCCTYGCTRKDISILC,0
FDVMGIIKKIAGAL,1
APQAGFYGVR,0
GASGLIPVMRN,0
VAPPQHLCGSHLVDALYLVCGDRGFFYNPK,0
ICIFCCGCCHRSKCGMCCKT,0
AKKRAGNGCFGLKLDRIGSMSGLGC,0
ARPVKEPRSLSAASAPLVETSTPLRL,0
GFGDEMSMPGVLRF,0
NSELINSLLGLPRFMKVV,0
FIHHIIGGLFSAGKAIHRLIRRRRR,1
AGCKNFYWKGFTSC,0
KKLKLALAKPALLWKALALKLKKA,1
RSTQGYGRMDPIL,0
RSTPGYGRMDRIL,0
GSGADCFWKYCV,0
VLSMDGYQNILDKKDELLGEWE,0
ELNFTPNWGT,0
EQCREEEDDR,1
DFDGAMPGVLRFG,0
GFFGTFF,1
PAPESNFVRDP,0
QLTFSSGWGN,0
PVYIPQPRPP,0
HSDAVFTDNYTRLRKQMAVKKYLNSILN,0
AVLNPSSTAKPRFETKDRKLSAGALQSLAG,0
GIVEQCCASTCSLYQLENYCN,0
EVNFSPSWGN,0
GILGSIIL,1
NWTPQAMLYLKGAQ,0
GIVEQCCASVCSLYQLENYCN,0
SEDRNTGNSLRDSSSFFPARY,0
KRVIPTGPNPLHNR,0
RRWRIVVIRVRR,1
QYYYGASPYAYSGGYYDSPYSY,0
APLDRSALVRF,0
KKLAKALKLLAPLWLKLAKALKKA,1
YNKKYMKHLKPCKKA,1
FLSLIPHIVSGVASIAKHF,1
SLSRYAKLANRLANPKLLETFLSKWIG,1
VFQFLGKIIHHVGNFVHGFSHVF,1
RSSCFGGRIDRIGAQSGLGCNSFR,0
ALQHFSSLDTLGGMGFG,0
AGRQALTKYLLEELRKRGKKAFIWW,1
PVNSGRSSGSRFNFGL,0
NSKYVSKQKFYSWG,0
AGANRLTKELLEYLRKFGKIARKAW,1
ASWKVFLKNIGKAAGKAVLNSVTDMVNQ,1
ASSQHLCGSHLVDALYMVCGEKGFFYQPKT,0
GIVEQCCHRPCNIFDLQNYCN,0
SSEDMDRLGFGFN,0
RTPYKTPPPPTSSSPTHQ,0
AGRQWLTLELKEYLRKRGKKAFIAW,1
HGVPSGPNPISN,0
SSGVSLLTSNKDEEQRELLKAISNLLD,0
SGSAKVAFSAIRSTNH,0
AGPAIALVGDAR,1
GIVDQCCTNICSRNQLMSYCND,0
VGKVLKQLKKVSAVAKVAMKKGAALLK,1
HADGIFTSVYSHLLAKLAVKRYLHSLI,0
GILKTIKSIASKVANTVQKLKRKAKNAVA,1
AGKKTIRQYLKNEIKKKGRKAVIWW,1
LALVYLVTVLVTLVV,1
HSEGTFTSDYSKYMDNRRAKDFVQWLMST,0
FKAPYNIHWHCKPGLLC,0
WGRQALTLYLKEELRKRGKIAFKAW,1
APKQMVFGFG,0
AYFDEKKSVPGVLRF,0
QHWSHDWKPG,0
GFKRIVQRIKDFLRNLV,1
AGRQALTLYLKEELRKRKKIAFKAW,1
ASMRGFQGMR,0
ALNSLDGQGFGFE,0
AEEQNQPPPV,0
GIVEQCCHSTCSLFQLESYCN,0
FNFNPFGLRF,0
KGIVGMLGKLF,1
ANMEAGTMSHFPSLPQRF,0
GLLSVLGSVAKHVLPHVVPVIAEHL,0
GGNTECFWKYCV,0
TYKKPPFNGSIF,0
ENFSGGCVAGYMRTPDGRCKPTFYQ,0
RSLEGSSSPVASLIRGRSLS,0
SEESQEKEYP,0
LLPIVGNLLKSLL,1
GYSDRNYLRF,0
SSADTLISDLLIGETESHPQTRYEDHLVW,0
GWRPNSREDSVEAGLPLQVRGYPEE,0
KWCFRVCYRGICYRRC,1
DALSPPAAGLGADHSFT,0
FVNQHLCGSHLVEALYLVCGERGFFYTPKF,0
GLTFLSPADMQKIAERQSQNKLRHGNM,0
DFDEIDRSSFGFA,0
RLSPGGPDPQHH,0
NTGIAAERDLPKRYFDALAGQSL,0
FDEIDRSGFG,0
YFDALAGQSL,0
DFRPTNPGNSPGVGH,0
SSSMYDRDIMSFG,0
APGLFELPSRSVRLI,0
PNDMLSQRYHFGL,0
SFSENMINDHRQPAPTNNNY,0
QFDEYGHMRF,0
LNLKGIFKKVASLLT,1
AGVSGYDNIYQVLAPRF,0
SSPETLISDLLLRESTENIPRSRFEDPSMW,0
FPFFNQYVKL,1
TPMQRSSMVRFG,0
SKVAFSAVRSTN,0
LYLKQADFDDPRMFTSSFG,0
GWTLNSAGYLLGPHAIDNHRSFHDKYGLA,0
AGKETIFWRLKKKIWEKGKRATIAW,1
GFLDVIKHVGKAALGVVTHLINQ,1
GFLDIVKGVGKVALGAVSKLF,1
HKTDSFVGLM,0
FLSGIVGMLGKLF,1
NFDEIDRSSFGFA,0
ELTFSSGWGN,0
LRQFLQKSLAAAA,0
ALWDTLLKKVLKAAAKAALDAVLVGANA,1
GSNTECFWKYCV,0
NAGAPQHLCGSHLVDALYLVCGPTGFFYNP,0
GLFKGKKKNKKTK,1
ETFQYSHGWTN,0
VRRRRRPR,1
GLPGKKNVLKKSRESSGKPGGTNKKPF,0
DFDEIDRSGFGF,0
FDEIDRSGFGFV,0
SLLSLIRKLIT,1
AGRQALKKYLLEELRKRGKKAFIAW,1
GSLTGLISMPRT,0
AAGMGFFGAR,0
QAEQLPPEGSYAGSDELEGMA,0
FLGMLLHGVGHAIHGLIHGKQNVE,1
GVFGLLAKAALKGASKLIPHLLPSRQQ,1
APVENQGSFPKMFPRGSHWAVGHLM,0
SALNKNFIRF,0
NFDEIDRSSFGFH,0
SNLFGNLVNQFQQDDVMQQ,0
LDPSHRISDRDYMGWMDF,0
DLIWKLLSKAQEKFGKNKSR,1
KKALKHALAKWLPALKALAHKLAKK,1
RPGPPGLQGRLQRLLQANGNHAAGILTM,0
PRLKVYLPRYKVYSTAAGRYQLLSRYW,1
GIPCGESCVWIPCISSAIGCSCKSKVCYRN,1
AYSMEHFRWGKPV,0
ILGAIIPLVSGLLSHL,0
NSELINSLLGISRLMNEA,0
WYKHVASPRYHTVGRASGLLMGL,0
SAQGQDFMRF,0
DFDEIDRSGFGFV,0
WGKETIRQYLKNKIKKKGRKAVIAW,1
APLEGFEDMSGFLRTIDGIQKPRF,0
GFKDGAADRISHGF,0
PTKETIEQEKRSEIS,0
GKKPSGPNPGGNN,0
KWKLFKKLKVLTTGL,1
VPERAPLPPSVPSQFQ,0
QGPWAEEEAAYGWMDF,0
FLKGIVGMLGKLW,1
GLPVCGETCFGGTCNTPGCSCTWPICTRD,1
GIGTKILGGVKTALKGALKELASTYAN,1
APEASPFIRFG,0
RALDQNLLVDEHLMRF,0
FLSLIPHAINAVSAIAKHF,1
SGQSWRPQGRF,0
KNNKFEFIRF,0
SANSNPAMAPRE,0
GLKEVAHSAKKFAKGFISGLTGS,1
AGRQTIKAYLRREIRKRGRIAVKAW,1
APNQPSDNMIRF,0
VQNLATFKTMMRY,0
SDPEAPGIWFGPRL,0
YVGALARSGGLMGY,0
GIVDQCCTNICSRNQLLTYCN,0
FTGCMC,1
ANEDEDAASLFAFGL,0
TPPQPADNFIRF,0
LLGPVLGLVGSALGGLLKKI,1
FNADDLTLRF,0
EAIVSKARRPYIL,0
ATKVKAKQRGKEKVSSGRPGQHN,0
VFDIIKDAGRQLVAHAMGKIAEKV,1
ASTQHLCGSHLVEALYLVCGSNGFFFNPKD,0
AAGRYQLLSRYWDAYR,1
SADDSAPFGTMRF,0
SCTTCVCTCSCCTT,1
AFDSLAGSGFDNGFN,0
GIVEQCCHNTCSLVNLEGYCN,0
NYKNAPMNGIMF,0
NLLNDALGTVNGLLGRS,1
AGKEKIRQYWKNEIKKKGRKAVIAW,1
GFQNNAEGPV,0
SVSNIPESIGF,0
GNGNLLGGLLRPVLGVVKGLTGGLGKK,1
AFDRFDNSGVFSFGS,0
QPVVPVEAVDPMEQ,0
SYSEHFRWGKPV,0
KRIVQRIKDFLR,1
FVPIFTHSELQKIREKERNKIRNKGQ,0
FRLDEEFQGPIASQVRRQFLFRPRN,0
GLPCGETTCFTGKCYTPGCSCSYPICKKIN,1
GIVEQCCENTCSLYQLENYCN,0
GHDFEVFLRF,0
AGKETIRQYLKNKWKKKGRKAVIAW,1
AVLHLAINEFQRL,0
GIVEECCKGVCSMYQLENYCN,0
DDTNKFLRLS,0
RSVESSGSSSSEPLSFLSQDQSVN,0
MVQGSGCFGRKMDRISSSSGLGCKVLRR,0
AGRQALTLELKEYLRKRWKKAFIAW,1
AADGAPLIRF,0
FKIKPGKVLDKFGKIVGKVLKQLKKVS,1
IIKQTCTCYRK,1
SGELEQEEERLSKEWEDS,0
GGGGGSGETSGMWFGPRL,0
QPNPDEFFGLM,0
ALWKTMLKKLGTMALHAGKAALGAAADTI,1
GSSFLSPEHQRVQQRKESKKPPAKLQPR,0
GIVDQCCTSICSLYQLENYCN,0
WGTEKIRQFLKKKIQEKGKRATIAW,1
DFEPTTPGHSPGVGH,0
EIDRSGFGFA,0
SAAAPLIRFG,0
RSVEGVSRME,0
GTSKGCFGLKLDRIGAMSGLGC,0
SSPETLISDLLMRESTGNIPRTRLEDPSMW,0
FDEIDRAGMG,0
EDVSAGEDCGPLPEGGPEPRSDGAKPGPRE,0
CHWSYGLRPG,0
CYCLIC,1
GVFDIIKDAGKQLVAHATGKIAEKV,1
DTHFPICIFCCGCCRKAICGMCCKT,0
GLWSTIKNVAAAAGKAALGAL,1
FLFPLITSFLSKVL,1
LKLLGIVKKVLGAI,1
GNLWATGHFM,0
DTSTPALRLRF,0
GPSASSGLWFGPRL,0
GIIKKI,1
SYGWAEGDTTDNEYLRF,0
GASGLIPFPRL,0
HIDGIFTDSYSRYRKQMAVKKYLAAVL,0
NNNWTKFQGSW,0
CLGIGSCNDFAGCGYAIVCFW,1
AWKETIRKYLKNEIKKKGRKAVIAW,1
AGRQALKLYLKEELRKRGKKAFIAW,1
EEKMGFAKKCCAIGCSTEDFRMVC,0
QIRYHQCYFNPISCF,0
AGTQRIKAYLRREIRKRGRKWVIAW,1
HTEESGEKHNAFSN,0
DEGGTQYTPRL,0
DYSNPGHHPPRHN,0
CGGYCGGWHRLRCTSYRCG,1
GSSFLSPEHQKVQQRKESKKPAAKLKPR,0
GENFAIKNLKTIPRI,0
AHRFAAEDFGALDTA,0
EPPGGSKVILF,0
SGKLSFLEDE,0
DYWRAKHHPPKNN,0
SVAALAAQGLLYNAPK,0
QGPWLEEEEAAYGWMDF,0
KIFEPLRDKN,0
NLGALKSSPVHGVQQ,0
FVNQHLCGSHLVEALYLVCGERGFFYTPKS,0
KLKLLLLLKLK,1
NFDEIDRSGF,0
RSVEGVSRMEKLL,0
GWTLNSAGYLLGPINLKALAALAKKIL,0
TGWSSTSRAW,0
HADGIFTTVYSHLLAKLAVKRYLHSLI,0
YGGFMKPYTKQSHKPLITLLKHITLKNEQ,0
GSSFLSPSQKPQVRQGKGKPPRV,0
TRSSRAGLQFPVGRVHRLLRK,1
SPLARSSIQSLLNLPQ,0
AGKETIRQKWKNEIKKKGRKAVIAW,1
DYPQPHRKPPIHN,0
AVLLPKKTEKK,0
AINPFLDSMG,0
AYRKPPFNGSIF,0
RIRKPIFAFPRF,0
FVNQHLCGSHLVEALYLVCGNDGFFYRPKA,0
FKGLSHFDEN,0
VPPGFTPFRQS,0
FLSHIAGFLSNLF,1
NSELINSLLGAPRVLNNA,0
PIKVYTNGVEEESTETLPAEM,0
AADGAPFIRF,0
QLNFTPNWGT,0
GGGRAFNHNANLFRYE,0
GSDIDDPRFFSGAF,0
PVKVYPNGAENESAEAFPVEV,0
AGRQTIKAELRRYIRKRGRKAVIWW,1
SSADTLISDLLIGETESHPQTRYEDQLVW,0
DKGRRRSKFVLHRRQCAN,1
HNPASFIGLM,0
DFDDYGHMRF,0
AGAQRLTLYLKEELRKRWKKAFIAW,1
AYSYVSEYKRLPVYNFGL,0
GDFENFFLKQSKSVPRI,0
VQGSGCFGRKMDRISSSSGLGCKVLRRH,0
QVSLKYPEGKMYSFGL,0
IWGLIAHGVGHVGRLIHGLIRG,1
HSQGTFTNDYTKYQDSRRAQDFVQWLMSN,0
GLWSKIKTAGKSVAKAAAKAAVKAVTNAV,1
ASEDALFGTMRF,0
ATVSIC,1
GGSSGLISMPRV,0
ASPSAPFIRF,0
AWTEKIFQRLKKTIQEGKKIAKRAW,1
RSLDASPSSAFSGNHSLS,0
SADQPNSIPPRERKAGCKNFYWKGLTSC,0
DYNSANKKRPIHN,0
ALWKTMLKKLGTMAL,1
KNLRRIIRKIIHIIKKYG,1
FVPIFTYGEVQRMQEKERYKGQ,0
QKPDDVIKACGRELARLRIEICGSLSWK,0
WYKHVASPRYHTVGRASGLLMGLRRSPYLW,0
FGSFSPYYFYQQPK,0
AVRSPSLRLRF,0
GNNRPVYIPQPRPPHPRL,1
AADISQWAGPL,0
GAHHAADGC,1
ASGSSDFMRF,0
TTRPQPFNFGL,0
YGGFLRRQFKVVTRSQEDPSAYYEELFDV,0
NTGRVHRQPKVVIRNPFHAWG,0
KLKNFAKGVAQSLLNKASCKLSGQC,1
NLDEIDRSDFSRFV,0
SAPMASDYGNQFQMYNRLIDAG,0
SGNTADLYDRRIMAF,0
QPDPNAFYGLM,0
SAEFPDFYDSGEHLSPR,0
SPALDDEHNDNFLRF,0
WKSPDIVIRF,0
QGPWLEKEEAAYGWMDF,0
SATAEEGSENAEIEESHLGNSRS,0
GSSGLISFPRT,0
GSSGLISFPRN,0
HSGFLLAWSGPRNRFVRF,0
SANAKNDFMRF,0
GSNWSNLRGAW,0
PVKVYPNVAENESAEAFPLEF,0
NVASLARTYTLPQNA,0
SSPETLISDLLMRESTENAPRTRLEDPSMW,0
AGRESIWKYLKKEIKKGKKRAVIAW,1
PVKVYPNGAEDESAQAFPLEF,0
GVFDIIKDAGRQLVAHAMGKIAEKV,1
AGWQRIKAYLRREIRKRGRKAVIAW,1
LYAKIIKKLLES,1
GIVDQCCHRPCDIFDLQNYCN,0
DEIDRSGFGFA,0
KCSGKWAIHACWGGN,0
AIRAPQLRLRF,0
AGRESIKAYLKKEIKKKGKRAVIAW,1
LYAAIIKKLLES,1
APLQPGGSPALTKIYP,0
LANQHLCGSHLVEALYLVCGDRGFFYYPKI,0
EQDYTGWMDF,0
SSSGLISMPRV,0
STNWSNLRGTW,0
FKGLSHFGEN,0
RSTQGYGRMDRILAA,0
ASGDPNFLRF,0
GIKKFLHIIWKFIKAFVGEIMNS,1
FVNKHLCGSHLVDALYLVCGDRGFFYTPMA,0
NFDEIDRTGFGFH,0
DTMRCMVGRVYRPCWEV,0
QHWSKGYSPG,0
EAHISKARRPYIL,0
AGAQRLTLYLKEELRKRGKKAFIAW,1
ALNSVAYERSAMQNYE,0
AAGLQNYDFG,0
HAEGTYTSDVDSLSDYFKAKRFVDSLKSY,0
HSDGTFTSELSRLQDSARLQRLLQGLV,0
EMIFGAPMWALGHLM,0
AAADPNFLRF,0
FFFHIVKGLFHAGRMIHGLV,1
LDLTPGSHVDSYVEA,0
AMRNALVRFG,0
SGPQAHEGAGMRFAFA,0
QLHVNKARRPYIL,0
NFDEIDRSGFNSFI,0
SDTVTPLRGFE,0
RILTMTKRVKMPQLYKQIVCRLFKTC,1
AGKETIRQFLKKKIQEWKKRATIAW,1
ADWNKFQGSW,0
SSIQSLLNLSQRF,0
RAALPPGFTPFR,0
TSWGKYQGSW,0
WGKETIFQRLKKKIQEKGKRATIAW,1
SDLGAVISWGRQLFA,1
GIVEQCCHRPCNIRVLENYCN,0
FVNQHLCGSHLVEALYLVCGERGFFYTPKA,0
PDVGGFMVEDQRTHKSHNYMM,0
SDLTWTYQSPGDPTNSKN,0
DGDDYKFGHFRWSVPL,0
NIQTLVRDWNLPRQQSMAADNE,0
AGKETIRQFLKKRIQEKGKRAKIAW,1
NIQSLLRTGMLPSIAP,0
SEDRSSGNSLKESSFFSPGRY,0
SDEDSDGDRPQASPGLGPGP,0
ALWTTMLKKLGKMALHAGKAALGAAADTI,1
GWRPSSREDSLEAGLPLQV,0
KLSGCFGFKLDRIGTMSGLGC,0
ESVPTFTPRL,0
ADPQHLCGSHLVDALYLVCGDRGFFYNPK,0
LIIFVPPFF,1
NFDEIDRSGFGFV,0
ALYLAIRRR,1
GHDFDQDDVNSSGEKDESLVRI,0
AANQHLCGSHLVEALYLVCGERGFFYSPKT,0
KPRPDQFYGLM,0
QFNEYGHMRF,0
MVQGSGCFGRKMDRISSSSGLGCKVLRRH,0
FLSLIPHIVSGVASLAIHF,1
EIGDEENSAKFPI,0
AGRESIKKYLKKEIKKKGKVARIAW,1
RQAQGWNKFRGAW,0
EPSKDAFIGLM,0
GFVALLKKLPLILKHLH,1
GVFDIIKDAGKQLVAHATGKIAEK,1
GGQGTVLDKMYPRGNHWAVGHLM,0
EFNADDLTLRF,0
QHWSYGLQPG,0
ELHVNKARRPYIL,0
SAEPFGTMRF,0
GIVEQCCHRKCSIYDMENYCN,0
SKYHQFYGLM,0
KMVQGSGCFGRKMDRISSSSGLGCKVL,0
GIVEQCCENPCSLYQLENYCN,0
PFSEDVNWGYE,0
FKRIVQRIKDFLR,1
SVDNLPPRERKAGCKNFYWKGFTSC,0
FLPLIGRVLSGIL,1
KYVMSHFRWNKF,0
HEEYQAHVQTV,0
GNNRPVYIPQPRPPHP,0
GWANTLKNVAGGLCKITGAA,1
AGKKTIRQYLKNKIKKKWRKAVIAW,1
SVATAPVEAKAVEAGNKDIE,0
KWKLFKKIEKVGQGIGAVLKVLTTGL,1
SPSNSKCPDGPDCFVGLM,0
AWKETIRKYLKNEIKKKWRKAVIAW,1
SPVDAFSPPEASLTGGQSLS,0
GLPVCGETCFGGTCNTPGCSCSSWPICTRN,1
GFRGDAASRVAHGF,0
KVYLPRYKVYSTAAGRYQLL,1
SGWKQCSFNAVSCF,0
AGRQALWLYLKEELRKRGKKAFIAW,1
AWRESIKAELKKYIKKKGKRAVIAW,1
GWTLNSAGYLLGPHGIDGHRTLSDKHGLA,0
GIPCGESCVWIPCISAAIGCSCKSKVCYRN,1
AGNSGANSGMWFGPRL,0
SVSQLNQYAGFDTLGGMGLG,0
TQRLANFLIHSSNNFGAIFSPPN,0
FSQAQGKVDMPLPRQRTSSRSSERWAPKS,0
DFDGAMPGVLRF,0
SNTDVLTPDLLFGEAEIRLQSRYDDPLMG,0
FLKALWKVAKKVF,1
EPGWNNLKGLW,0
VSPKYGHNFV,0
SDLGAVISLLLWGRQLFA,1
QVTFSKGWGP,0
FFHHIFRGIVHVGKTIHKLVTG,1
AGKETIRQKLKNEIKKKGRKAVIAW,1
NSEIINSLLGLPKLLNDA,0
DAEEPSAFMTRL,0
CSCSSLLDKECVYFCHLDIIW,0
QRPPMEEEEEAYGWMDF,0
FDEIDRAGMGFA,0
ARPGYLAFPRM,0
APEESPKRAPSGFLGVR,0
LKLMGIVKKVLGAL,1
WSKMDQLAKELTAE,0
SSSMYDRDIMSF,0
GSSFLSPEHQLAQQRKESKKPPAKLQPR,1
SPALDDEHNDNFLRL,0
DGSYKMNHFRWSGPPKD,0
SGLQFAVLDGQGFIPFSRV,0
VSGNVAARKGKQQTSSGKGGGTN,0
EAAGLLAFPRV,0
RRCSNRNFVRL,0
EIDRSSFGFH,0
QYWSYGVRPG,0
GRGASSNYVRL,0
SGDWSSLRGAW,0
EYDDMYTEKRPKVYAFGL,0
AAERSPSLRLRF,0
CYIQNCPRGGKRSYPDTAVPQCIPCGP,0
AQYTNHFVHSLDTLPLRF,0
CLGIGSCNDFAGCGYAVVCFW,1
SADLFGAPMYII,0
RGLRRLGRKIAHTVKKYG,1
GNHWAVGHLM,0
KIFEPLREDNL,0
AWSDLSQQGW,0
LNLKGLIKKVASLLN,1
VPSAGDMMVRF,0
AELPQGLWVRPRL,0
YGGFMTSEKSQTPLVTLFKNAIIKNAH,0
GIVEQCCHKPCNIFDLQNYCN,0
NYWRQCAFNAVSCF,0
KKLALLALKKWLPALKKLALLALKK,1
APSGQDFMRF,0
PAPDSSFIRDP,0
SYFDEKKSVPGVLRF,0
FDAFTTGFGH,0
AGRQALTLYLKEELRKFGKKARIWW,1
APASGFFGMR,0
FSQAQGKVDMPLPRQRTSS,0
QIDPLGFSGGI,0
SVGNRNFLRF,0
SYAMEHFRWGKPV,0
AGANRLKKELLEYLRKFGKIARKAW,1
FPWWNQYVKL,1
TQSPTFDRQD,0
RSVEGASRMEKLLSS,0
IDLSRFYGHF,0
GIRIIPVIIPGYKKWARLIKRGLSRLGG,1
FLHHIVGLIHHGLSLFGDRAD,1
MDSFAFAPGL,0
GFIFHIIKGLFHAGKMIHGLV,1
KGPWQEEDAAYGWMDF,0
RLPSYGHSFL,0
RIKKPIFAFPRF,0
LTWNKFQGSW,0
GGGGSGETSGMWFGPRL,0
GGGGEGEQFDDYGHMRF,0
LYAAIIAKLLES,1
NLNNLGSFQVHGW,0
SDAFSRNFMNF,0
KKLALAPKKLALLWKKLALALKKA,1
LINSILGLPK,0
NFDEIDRTGFEGFY,0
ELYENKPRRPIL,0
EIDRTAFDNFF,0
KPRPQQFIGLM,0
GEGKMFWRCYFNAVSCF,0
QLTFTPNWGT,0
YLSGKTKVQSMANLPQRF,0
SVAALAAQGLLNAPK,0
EEVFDDTDVGDELTNALESVLTDLKD,0
QADPNKFYGLM,0
SSPETLISDLLLR,0
AWKETIRQFLKKKIQEGKKRATIAW,1
ELVHNKARPYIL,0
DKNKKPIRVGGRRPPGFTR,0
KRIVQRIKDFLRNLVPRTES,1
GLSRSCFGVKLDRIGSMSGLGC,0
FLPMLAGLAANFLPKIICKITKKC,1
ALDIYSAVDDASHEKELPR,0
ANSKVAFSAVRSTN,0
QADPKTFYGLM,0
YVGQRLCGSQLVDTLYSVCKHRGFYRPSE,0
TGPSATTGVWFGPRL,0
GSSGMIPFPRV,0
TPNSRAFLGMR,0
NDWSKFGQSW,0
GIVEHCCHNTCSLFDLEGYCN,0
QSFGNQWARGHFM,0
AGTQRIAKELRRYIRKVGRIARKAW,1
RSAEGLGRMG,0
AGDTSSEAKGMWFGPRL,0
YGGFIGVRKSA,0
VQESADGYRMQHFRWGQPLP,0
GAVPAAQWFSPRL,0
ESRPSIVCECCFNQCTVQELLAYC,0
GWTLNSAGYLLGPHAVGNHRSFSDKNGLTS,0
STMGSSFIRF,0
CGGWKRKRC,1
EGVKSKLNIVCNEIGLLKSLCRKFVNSHIW,1
GLLSVLGSVAKHVLPHVVPVIAEHL,1
MVQGSGCFGRKMDRISSSSGLGCK,0
APSSMGFMGMR,0
NVQLSTARGF,0
QHWSHGWYPG,0
AELPQGLWVRPRLG,0
DAGDYGDPYSFLYRLIQAEARKMSGCSN,0
ADGPYRVEHFRWGNPPKD,0
STNWSSLRSAW,0
DEEDLLDLKCSSLHAAAPR,0
HSDGTFTSELSRLRESARLQRLLQGLV,0
PLGFLSQDHS,0
SPKMVQGSGCFGRKMDRISSSSGLGCKVL,0
RSVEGASRMEKLLSSSN,0
DEPKPDQFVGLM,0
ALYKKFKKKLLKSLKRLG,1
AGTEKIFQRLKKTIQEWKKIAKRAW,1
SPLQEAEDNSSLETTDPLLEDLMGVSNV,0
GYEDEDEDRPFYALGLGKRPRTYSFGL,0
GALWKTLLKKVLKA,1
EQFEDYGHMRF,0
HSDAVFTDNYSRFRKQMAAKKYLNS,0
AFDRMDNSDFFGA,0
FVQWFSKFLGRIL,1
QCRRLCYKQRCVTYCRGR,1
QSHISKARRPYIL,0
GIVEQCCLKPCTIYEMEKYCN,0
YGGFLRRQFKVVT,0
AKRQTIKAYLRREIRKRGRKAVIAW,1
AAGQDNFMRF,0
DEPPAFFLKIAKNIPRI,0
GSSFLSPEHQRAQQRKESKKPPAKLQPR,0
DRTPALRLRF,0
RRWIRVAVILRV,1
GWTLNSAGYLLGPHALDSHRSFQDKHGLA,0
AWKKTIRQYLKNEIKKKWRKAVIAW,1
SNPETMVSDVWWRESTENIPRSRFEDPSMW,0
GICRCICGRGICRCICGR,1
GIVDQCCTSICTLYQLENYCN,0
SSEDMDRLGFG,0
VGGEYDDYGHLRF,0
ECRRLCYKQRCVTYCRGR,1
YKKPPFNGSIF,0
GSSGLISMPRV,0
GAAPAAQFSPRL,0
AGRQTIKAYLRREIRKVKRKARIAW,1
AFDRFDNSGVFSFGA,0
AFDRIEGAGFGLS,0
YKVDEDLQGAGGIQSRGYFFFRPRN,0
EPTWNNLKGMW,0
AVAVVGQATQIAKKWKLFKKIEKVGQ,1
AAQILRVAQGPSAFVAGPH,0
YKPRSFAMGFG,0
CYCRIPACIAGERRYGTCIYQGRLWAFCC,1
SAPSQDFMRF,0
AQRSPSLRLRF,0
VAPAQHLCGSHLVDALYLVCGDRGFFYNPK,0
NSELINSILGLPKVMNDA,0
FLSLIPHIVSGVASLAKHFG,1
WKLFKKILKVL,1
GGGRAFNHNANLFRFD,0
GVIAWELQHNEPGRKDSTAG,0
SGRVDHIHDILSTLQRLQLANE,0
SMRRSSDCFGSRIDRIGAQSGMGCGRF,0
APPGARPPPGPPPPPPGPSPPRPPPGPPPQ,0
YVSQRLCGSQLVDTLYSVCRHRGFYRPND,0
FLSMIPHIVSGVAALAKHL,1
PSKDAFIGLM,0
GRPMGHQAIETGLNIFRGLFKGKKKNKKTK,1
NSELINSLLGIP,0
CGAHHAADAHHAADAHHAADGC,1
KIKIPWGKVKDFLVGGMKAV,1
RAAVPPGFTPFR,0
IILDALEELD,0
VNAGPAQWNKFRGSW,0
SLSAASAPLAETSTPLRL,0
GIVEQCCAGVCSLYQLENYCN,0
IWGLIAHGVAHVGSLIHGLVNG,1
DLVFYCPKCTAERQTACPKL,0
AGFKNLNREQ,0
LIGPVLGLVGSALGGLLKKI,1
QFWSLAAPQRF,0
GWTLNSAGYLLGPHAIDSHRSLGDKRGVA,0
RRWQWRMKKLG,1
GYPSRNYLRF,0
APLQPGGSPALTKIYPR,0
CGGWHRLRC,1
DDSSPGFFLKITKNVPRL,0
ETPDCFWKYCV,0
DEGPYKMEHFRWGSPPKD,0
ALNSLDGAGFGFE,0
SPALADEHNDNFLRF,0
SDVISLLLWGRQLFA,1
AVNQHLCGSHLVEALYLVCGERGFFYSPKA,0
GLLDILKKVGKVA,0
QTEDDDKFVRLS,0
FWGTLAKWALKAIPAAMGMKQNK,1
AGRQALTKYLLEELRKRGKKAFIAW,1
GMATKAGTAFGKAAKAIIGAAL,1
NSELINSLLSLPKKLNDA,0
WGKETIRQKLKNEIKKKGRKAVIAW,1
GLDRYGFVGGL,0
SVDPPNNIPLRERKAGCKNFYWKGFTSC,0
GIGAVLKVLTTGLKWKLFKKIEKVGQ,1
SVHGLGPVVI,0
DAGWWLTRGAARSLGGVR,0
AGTEKIFNRLKKTINEGKKIAKRWW,1
MPHSFANLPLRF,0
GSSFLSPSQKPQVRQGKGKPPRVG,0
AGRQALTLYLKEELRKRWKKAFIAW,1
GSPGLIPFGRS,0
SPSAVPLIRF,0
TSWFKFQGSW,0
WGKKTIRQYLKNEIKKKGRKAVIAW,1
SPLQEAEDNSSLETADSLLEDLRGVPNM,0
QRLGHQWAVGHLM,0
RSVEGASRMEKLLT,0
SPGALEDEHNDNFLRF,0
QVRYRQCYFNPISCF,0
AGKKTIRQYLKNEIKKKGRKAVWAW,1
IDEIDRTAFDNFF,0
ARMMSFDAEAPQYLQHLLQNLKPRF,0
ESQFSRDFLNF,0
SPSAVPFIRF,0
RPESALLGGSEAGERLLQQGLAQVEA,0
DSDVSLFNGDLLPNGRCS,0
MVQGSGCFGRKMDRISSSSGLGCKVL,0
WYKHTASPRYHTVGRAAGLLMGLRRSPYMW,0
RAPLPPGFTPFR,0
FLSLIPHAINAVSAIAKHS,1
AMAHLPLRLGKNREDSLSRWVPNLPQRF,0
QELHVPEREA,0
CCVLI,1
TPIAEAQGAPEDVDDRRELE,0
SEKWNKLSSSW,0
GPTVGLFAFPRV,0
GSSGGLITFGRT,0
DFGPTSPGNSPGIGH,0
APGDRIYVHPF,0
AGAQRLTKELLEYLRKFWKIARKAW,1
ALWKTLLKKVLKAAAK,1
FLPLLAGLAANFLPTIICKISYKC,1
ALSGDAFLRF,0
KPRPHQFIGLM,0
KQLKKVSAVAKVAMKKGAALLKKMGVK,1
AKFDKFYGLM,0
YKVNEYQGPVAPSGGFFLFRPRN,0
AWRQTIAKYLRREIRKRGRKAVIAW,1
PFCNSYGCYNS,0
KPRPHQFFGLM,0
FGFTGARKSARKLANQ,0
NPRWEMRGKFVGVR,0
APSSGFFGTR,0
SANSNPAMAPRERKAGCKNFFWKTFTSC,0
FAPRSPQLRLRF,0
TTRFQDSRSKDVYLIDYPEDY,0
NPENDTPFGTMRF,0
KWKLLLLLLKWK,1
DYGQRKYKPPVHN,0
AGRQALWLELKEYLRKRGKKAFIAW,1
GIIKKIIKKIIKKIIKKI,1
SDPHLSILSKPMSAIPSYKFDD,0
VQGSGCFGRKMDRISSSSGLGCKVLRR,0
GYRKPPFNGS,0
GRPSNNFVRF,0
VYVPRYIANLY,0
NDFSRDIMSF,0
MDVVRTLILCVCLFGLTFA,1
TPQNWNKLNSLWG,0
SDEENLDFLE,0
AGKETIRQYLKNKIKKKWRKAVIAW,1
FFKLIPKLVKKLIKAFK,1
ATACVC,1
MAPPQHLCGSHLVDALYLVCGDRGFFYNPK,0
YGGFIGVRKSARKWNNQ,0
GIVEECCHKPCTIFDLQNYCN,0
SLDSLGSFQVHGW,0
QHWSYGWLPG,0
GILKTIKSIASKVANTVQKLKRKAKNAV,1
PVKVYPNGVQEETSEGFPLEF,0
SASSGESSGMWFGPRL,0
RSADGFGRMESLLTSL,0
NGNLLGGLLRPVLGVVKGLTGGLGKK,1
AYSNLNYLRF,0
NFDEIDRSGYGFV,0
AFGLLTYPRI,0
NAPPEPVPPPRAAPAPTHV,0
SSDCFGSRIDRIGAQSGMGCGRRF,0
KWKLFKKVLKVLTTG,1
KWKKFKKGIGKLFV,1
NNRSPQLRLRF,0
NDVNTMADAYKFLQDLDTYYGDRARVRF,0
GIVEQCCHNTCSLYQLENYCN,0
GWTLNSAGYLLGPHAIDNHRSFSDKHGLT,0
FVPIFTHSELQRIREKERNKGQ,0
EEVFDDTDVGDELTNALESVLTDFKD,0
GGFGQQSQFG,0
YLPKVLHQTPGHLKP,1
PGVLDIPVKSNSDDDSIFRY,0
NYVMSHFHWNTFGQRMNGTPGGS,0
AGAQRLTKELLEYLRKFGKIARKAW,1
QVTFSRDWSP,0
QHTTESVLPDCVLYPRCLITKDPCCM,0
SENPSNSRNFIRL,0
APACVGFQGMR,0
ESKDQLSEDASKVITYL,0
KWKLFKKILKVL,1
RSAEGLGRMGRLL,0
GMDDFAFSPGL,0
SKSSSPCFGGKLDRIGSYSGLGCNSRK,0
YVMGHFRWDRF,0
AGKETIRQFLKKKIQEKKKRATIAW,1
ALDTLGGFQVHGW,0
IFNKAYRKVLGQLSARKYLHSLM,0
APEKWAAFHGSW,0
GASGLIAFPRV,0
NSELINSLLGLPKNMHNA,0
ETSDDYGHLRF,0
DGSSNLRGAW,0
NFDEIDRSGFA,0
KKLALALKKLAPLWKKLALALKKA,1
HSDGTFTSELSRLREGARLQRLLQGLV,0
PYDRISNSAFSDF,0
TDGFAFSPRL,0
GPPSECFWKYCV,0
TSPMEPSAALAVEHGTTHPLE,0
TEGPGMWFGPRL,0
KKYRYHLKPLCKK,1
NNYCGRHLSETLAYMCPELEGAS,0
AYGFRDPGPQL,0
GWASKIGQTLGKIAKVGLKELIQPK,1
LLIILRRRIRKQAHAHSK,1
RPPGFTPFRVD,0
DNSDNMF,1
EAAGLLAFPRT,0
DDASDRAKKFYGLM,0
DSGPYKMEHFRWGSPPKD,0
DYRTFRRRRPVHN,0
GFRDGSADRISHGF,0
DIGDLLEGKD,0
SPVDYDRPIMAFG,0
GSSGLIPMGRT,0
GLPKKGLGSGCFGLKLDRIGSMSGLGC,0
HEVPSGPNPISN,0
RLSPGGPDPRHH,0
WYKPAAGPHHYSVGRASGLLSSFHRFPST,0
VYRKPPFNGSIF,0
ELSAERPLNEQIAEAE,0
GSAESPAALGEASAAHPLE,0
FLGAILKIGHALAKTVLPMVTNAFKPKQ,1
ADPRNPLEECFRETD,1
FVPIFTYGELQRMQEKERSKGQ,0
HSDALFTDTYTRLRKQMAMKKYLNSVLN,0
GIGKFLKKAKKFGKAFVKILKK,1
GFLDVLKGVGKAALGAVTHLINQGEQ,1
HRRQGPIFDTRPSPFNPNQPRPGPIY,1
ARPSSNFIRL,0
FVNQHLCGPHLVEALYLVCGERGFFYAPKT,0
QHWSYEYMPG,0
TFRPTEPGHSPGIGH,0
QLTFTPGWGY,0
ATGAASLYSFGL,0
PSPPGFSPFR,0
GGGGSSGLFAFPRV,0
RMTLSEKCCQVGCIRKDIARLC,0
KKLKLALAKLAPLWKALALKLKKA,1
SSGGGEGSGMWFGPRL,0
GIGGKILSGLKTALKGAAKELASTYLH,1
ISLMKRPPGFSPFR,0
FTKIYGSRLQKVLGN,1
WGAQRLTKELLEYLRKFGKIARKAW,1
HADGVFTSDFSRLLGQLSAKKYLESLI,0
DRLSPAGPDPQHNG,0
NYAKSHFRSTALGRRTNGSVGSS,0
GHGGASNYVRL,0
SVLTPSLSSLGESLESGIS,0
AGCKNFFWKTFTSC,0
SFPWMESDVT,0
MLTKFETKSARVKGLSFHPKRPWIL,0
ASSGLISMPRV,0
AGWQRLTKELLEYLRKFGKIARKAW,1
HKINSFVGLM,0
RVALPPGFTPLR,0
ESGGSGEANGMWFGPRL,0
GVFDIIKDAGKQLVAHAMGKIAEKV,1
DFDEIDRSSFGFV,0
GWASSIGSILGKFAKGGAQAFLQPK,1
SGLQFAVLDGQGFLPFPRV,0
AFDSLAGQGFTGFE,0
DEGPYRMEHFRWGSPPKD,0
SYSMEHFRWGKPIGH,0
LAQSQFVGSR,0
FSEFLKQYLGMSPR,0
PAPESGFIRDP,0
ALWKTMLKKLGTMALHAG,1
AGANRLTKELLEYLRKFGKIWRKAW,1
QLCGRGFIRAIIFACGGSRW,0
GVMDFQIGLQ,0
NVGSHGFLRF,0
HSEGTFSNDYSKYQEERMAQDFVQWLMNS,0
GTILGVF,1
FFRHIKSFWKGAKAIFRGARQG,1
AEDYERQIMAF,0
SPAISPAYQFENAFGLSEALERA,0
ASPSAPLIRF,0
AGPAPSRLYSFGL,0
DQWQKLHGGW,0
NSGGGEGSGMWFGPRL,0
FLSLIPTAINAVSALAKHF,1
SSRFVGGSRY,0
DSKLMDPLIRF,0
RSVEGASRMEKLL,0
KPSPDRFYGLM,0
LEGSFLGGSEAGERLLQQGLAQVEA,0
GWTLNSAGYLLGPHAVDNHRSLNDKHGLA,0
KWKSFLKTFKSLKKTVLHTLLKAISS,1
NGNYRMHHFRWGSPPKD,0
WFGDVNQKPI,0
DRGETLDILEWGSPHAAAPR,0
ELTFTPNWGS,0
AGTEKIFNRLKKWINEGKKIAKRAW,1
LRNQLDIGDL,0
NFDEIDRSGFN,0
SAPSDFSRDIMSF,0
QDIDHVFMRF,0
QGILR,1
CSTNTFSLSDYWGNNGAWCTLTHECMAWCK,1
PMMMGFHGMR,0
AGTNRIAKELRRYIRKVGRIKRKAW,1
KILRGVCKKIMRTFLRRISKDILTGKK,1
FFVVVFV,1
AGANRLTKELLEYLRKFWKIARKAW,1
QNPNRFIGLM,0
SSANPQITRKRHKINSFVGLM,0
MILPSLADLHRYTMYD,0
INWLKLGKAIIDAL,1
HPLKQYWWRPSI,1
PALTTYGA,1
GMASKAGAIAGKIAKVALKAL,1
RVARPPGFTPFR,0
FAEPLPSEEEGESYSKEVPEMEKRYGGFM,0
AGRQWLTLYLKEELRKFGKKARIAW,1
APNQRLCGSHLVEALFLICGERGFYYSPRT,0
VKLFPFFNQY,1
KPPSSSEFIGLM,0
SVDQDLGPEVPPENVLGAL,0
IIGPVLGLVGSALGGLLKKI,1
APVSTGAGGGTVLAKMYPRGSHWAVGHLM,0
NWTPQAMLYLKGT,0
AGAQRLTKELLEYLRKFGKIWRKAW,1
EVRFRQCYFNPISCF,0
DSGCFGRRLDRIGSLSGLGCNVLRRY,0
NLDEIDRVGWSGFV,0
SFRNGVGSGAKKTSFRRAKQ,0
RLYLRIGRR,1
HAEGTFTSDVSSYLEGQAAKEFIAWLVKGR,0
AWTNRIAKELRRYIRKVGRIARKAW,1
KLGALWNVAKSVF,1
FVKQHLCGSHLVEALYLVCGERGFFYTPMS,0
HGVSGHGQHGVHG,1
AVDQDLGPEVPPENVLGALL,0
PNVDPYSYLPSV,0
GSGGSGEANGMWFGPRL,0
MDPNAFRMSF,0
ALNSVAYERSVMQDYE,0
KRLFKKLLFSLRKY,1
FKCRRWQWRMKKLGKGLKKMRWQWRRCKF,1
AGTNRIAKELRRYIRKVGRIARKWW,1
TKAQGDFNEF,0
SPAPANKVPHSAANLPLRF,0
SENTGAIGKVFPRGNHWAVGHLM,0
GIGKFLHSAKKFGKAFVGEIMNS,1
KWKKLLKKPLLKKLLKKL,1
TLLKKVLKAAAK,1
NGAPQPFVRF,0
AEGLSSPLIRF,0
PFDRISNSAFSDF,0
AGRQALTLYLKEELRKRGKIAFKAW,1
PGGVLSYYY,1
SCLEYGHSCWGAH,0
ALWKTLLKNVGKAAGKAALNAVTDMVNQ,1
AGLSALYSFG,0
KLGFENFLVKALKTVMHVPTSPLL,1
ISRPPGFSPFR,0
AGKEKIRKKLKNEIKKKGRKAWIAW,1
WGRESIKAYLKKEIKKGKKRAVIAW,1
EVEEPEAPAPPAK,0
ASGGMRNALVRF,0
AGPSATTGVWFGPRL,0
LSWDLPEPRSRAGKIRVHPRGNLWATGHFM,0
GICRCICGRRICRCICGR,1
DQFDDYGHMRF,0
YNWNSFGLRY,0
GRFKRFRKKFKKLFKKLS,1
NFDEIDRSSFGFV,0
AGTNRIAKELRRYIRKVWRIARKAW,1
NSIINDVKNELFPEDIN,0
APSGFLGMRG,0
AWKEKIRQYLKNEIKKKWRKAVIAW,1
TGDMSGEGKGMWFGPRL,0
VGGPQHLCGSHLVDALYLVCGDRGFFYNPR,0
ESGWNNLKGLW,0
FDRYDDETAYGYGFDNHIF,0
APNQRLCGSHLVEALFLICGERGFYYSPRS,0
AAMRSFNMGF,0
QPNPNEFFGLM,0
GKTKGVTSGLIAFPRL,0
GNSYRSFFNPNEYTVVE,0
NPMYNAVSNADLMDFKNLLDHLEEKMPLED,0
NDPLWTSFNENALLEENFE,0
SIKPFANLPLRF,0
FDAFTTGFGHN,0
HSDAVFTDNYTRLRKQMAVKKYLNSILN,1
RLVPKGPNPLHN,0
NNAEVVNHILKNFGALDRLGDV,0
AWKETIRQYLKNEIKKKWRKAVIAW,1
SGWNKMQGVW,0
DYQGPKPRSKPLKNN,0
GSSGLIPMPRV,0
QERRAMGFVGMR,0
SLDSPANRGFTHFD,0
ISINQDLKAITDML,0
DGSYKMSHFRWSSPPAS,0
LFAIIFV,1
DPLNEERRANRYGFGL,0
GIFLPGSVILRALSRQ,0
FDEIDRSSFA,0
FMGLSHFDEN,0
ALWKTMLKKLGTM,1
ATSGPMGWLPVFYRF,0
AGSDPNFLRF,0
KPRPGQFFGLM,0
PAAAAQAVAGLAPVAAEQ,1
NFDEIDRSSFGFN,0
SPLDEEDFAPESPLQ,0
SELINSILGLPKVMNDA,0
TPQNWNKLNSLW,0
DTGFAFSPRL,0
QHWSHGLSPG,0
AGWQRLTLYLKEELRKRGKKAFIAW,1
NSELINSLLGISALMNEA,0
PLPSKETIEQEKQAGES,0
GSSGLISMTRV,0
SPMQRSSMVRF,0
AGGTSGLYAFPRV,0
AGRQTIKAELRRYIRKRGRKWVIAW,1
QLYENKPRRPYILKRGSYYY,0
GLFKVLGSVAKHLLPHVVPVIAEK,1
ITGCIC,1
RLLLRIGRR,1
KMHGEKFLGMR,0
SMVARQIPQTVVADH,0
FVPIFTYGELQRMQEKERNKGQ,0
KWKSFIKKLTSAAKKVVTTAKPLISS,1
SAPGQDFMRF,0
VPSAADMMIRF,0
RSVEGASRMEKL,0
LSPTQDFMRF,0
GRHDYVASPPPPKPQDEQRQ,0
GFRQDAASRVAHGF,0
SSMISPSYQFEDALGLSDALERA,0
APVTAGRAGALAKMYTRGNHWAVGHLM,0
ALWKNMLKGIGKLAGKAALGAVK,1
SAPMASDYGNQFQMYNRLIDA,0
PFRGQGGWTLNSVGYNAGLGALRKLFE,0
WYKPAAGHSSYSVGRAAGLLSGL,0
GPTSECFWKYCV,0
NSVVLGKKQRFHSWG,0
AGWNKFQGSW,0
DGAETPGAAASLWFGPRV,0
HSEGTFSNDYSKYLETRRAQDFVQWLKNS,0
NFDEIDRSSF,0
AGRQWLTLYLKEELRKRGKIAFKAW,1
RSVEGASRMEKLLSSS,0
SVAALAAQGLLNAP,0
SLLADTQSGHRW,0
TGWNKFQGSW,0
TLQPPSALRRRHYHHALPPSR,0
SSIDRASMVRL,0
STMPFSGGMYG,0
ASMRSFNMGF,0
GFREKHFQRFVKYAVPESTLR,1
SQPSKNYLRF,0
FISAIASMLGKFL,1
ITAVLRRRPRPPPYSSGRPGQNN,0
TDVDHVFLRF,0
SPVDYDRPIMAF,0
EGGSSGEASGMWFGPRL,0
AWTQRIKAYLRREIRKRGRKAVIAW,1
AGRQALWLYLKEELRKRGKIAFKAW,1
DTNFPICLFCCKCCKNSSCGLCCIT,0
GLLSNVAGLLKQFAKGGVNAVLNPK,1
APLQPGGSPALTKIYPRGSHWAVGHLM,0
LVCHPAVPALLCAR,1
RPKPQQFFGLM,0
GLTFLSPADMQKIAERQSQNKLRHGNMN,0
DFDEIDRSSFGFH,0
SGGFAFSPRL,0
SIKPFSNLPLRF,0
GPRSLRRSSCFGGRIDRIGAQSGLG,0
ESRNPPLNGSMF,0
SASGSGESSGMWFGPRL,0
HVDKKVADKVLLLKQLRIMRLLTRL,1
EEDYDERPYMQPF,0
IIKKFLHSIWKFGKAFVGEIMNI,1
GIVEQCCHRPCSMFELENYCN,0
GVIDIIKGAGKDLIAHAIGKLAEKV,1
AGYLLGKINLKALAALAKKIL,1
GFCRCICTRGFCRCICTR,1
GVNWSNLRGAW,0
GGETGSDAKAMWFGPRL,0
GIVEQCCHSTCSLFQLENYCN,0
FVPIFTYSELQRMQERERNRGH,0
SPNDWAHFRGSW,0
NFDEIDRAGMGF,0
WGTEKIFQRLKKTIQEGKKIAKRAW,1
SNKDEEQRELLKA,0
MDSFMFGSRL,0
YSCGCKCCFGCQCKRCSCRNHLNYL,1
AGAGEPLAFSPDMLSLRF,0
TSNKDEEQRELLKAISNLLD,0
AWAQRLTKELLEYLRKFGKIARKAW,1
QSGALLSEQCCHIGCTRRSIAKLC,0
PVPDSSFLRDP,0
GWTLNSAGYLLGPHAIDNHRSFNEKHGIA,0
MVPVPVHHMADELLRNGPDTVI,0
AGKKTIRQYLKNKWKKKGRKAVIAW,1
ASGLVAFPRV,0
SLKPAANLPLRF,0
AGRQALTKYLLEELRKRGKKWFIAW,1
AWRESIKAYLKKEIKKGKKRAVIAW,1
SADPYRFMTVPT,0
GTNGKPPDPKKESQDYLGWMDF,0
AAGLFQFPRV,0
APSWRPQGRF,0
IASASCTTCICTCSCSS,1
NLLSLLQHAIETANNAYRSPR,0
ATTCVC,1
HSDAVFTDNYSRYRKQMAAKKYLNSVLA,0
NFDELDRSGFGFH,0
AGRQALTLYLKEELRKFGKKWRIAW,1
GSGEDLSYGDAYEVDEDDHPLFVPRL,0
HAEGTYTSDVSSYLQDQAAKEFVSWLKTGR,0
TPLRGFEGETGHPLE,0
KWKKALRALARHLK,1
DPYAFGLGKRPADLYEFGL,0
SEVRSRVASRSADERFFGGPRF,0
APSAPAGLEEKL,0
RKPHPKEFVGLM,0
SYSMEHFRWGKPV,1
IDLSRFYGHFNT,0
KWKLFKKIGIGAVLKVLTTG,1
SANPALAPRERKAGCKNFFWKTFTSC,0
AGKETIRQYWKNKIKKKGRKAVIAW,1
EAQGWNKFRGAW,0
GGKNDNFIRF,0
LNQEQAEQGREHLA,0
SIATLAKNDDLPISLHDRMAENEDDEE,0
MDELYPVEPEEEANGGEILA,0
FLSMIPHIVSGVAALAKHLG,1
HKEDTLAFSEWGSPHAAVPR,0
GYGDRNFLRF,0
NVGTLARDFQLPIPN,0
QDLDHVFMRF,0
NNWSKFQGSW,0
SGKLSFLEDEM,0
DEGPYKMEHFRWGSPRKD,0
GIVDQCCTGTCTRHQLQSYCN,0
GSSGLIPFGRT,0
RCLPAGKTCVRGPMRVPCCGSCSQNKCT,1
YLNQEQAEQGREHLA,0
KNLRRIIRKGIHIIKKYG,1
QLYSALANKCCHVGCTKRSLARFC,0
ADVGHVFLRF,0
GQAKGRVYWRCYFNAVTCF,0
SPKMVQGSGCFGRKMDRISSSSGLGCKV,0
QHGAAPECFWKYCI,0
HSEGTFSNDYSKYLETRRAQDFVQWLMNS,0
FFSLIPSLVKKLIKAFK,1
VPHSAANLPLRF,0
QGPWLEEEEAYGWMDF,0
STDWSSLRSAW,0
SQAFLFQPQRF,0
AGWNRLTKELLEYLRKFGKIARKAW,1
SYRSLLRDGATF,0
VQGSGCFGRKMDRISSSSGLGCKVL,0
GPSSGFFGTR,0
AYTYVSEYKRLPVYNFGL,0
AGRQWLTKYLLEELRKRGKKAFIAW,1
AGRESIKAYLKKEIKKWKKRAVIAW,1
LSGAQYQQHGRAL,0
KKLAKALKLLALLWLKLAKALKKA,1
APAPSGGGSAPLAKIYPRGSHWAVGHLM,0
GGGEYDDYGHLRF,0
PLDSVYGTHGMSGFA,0
GVWSTILGGLKKFAKGGLDAIVNPK,1
SDIGISEPNFLRF,0
RVPWTPSPRL,0
AGKETIFQRLKKKIQEKGKRATIAW,1
ASKQANLMRF,0
SPMERSAMVRF,0
NPGSQDFMRF,0
GIGAVLKVLTTGLPALISWIKRKRQQ,0
RSSEDLSAPEDRSLS,0
LLTSLRGSAESPAALGEASAAHPLE,0
VNLDPNSFRMSF,0
VAQGPSAFVAG,0
AGKKTIRQYWKNKIKKKGRKAVIAW,1
GPSSSAFFGMR,0
TNWNKFQGSW,0
GGDDQFDDYGHMRF,0
SFDRMGGTEFGLM,0
SSGGGDGSGMWFGPRL,0
GFDHYGFTGGI,0
QRSVSNAATRVCRTGRSRWRDVCRNFMRR,1
DAGHGQISHKRHKTDSFVGLM,0
SGGGEGSGMWFGPRL,0
AGTNRIWKELRRYIRKVGRIARKAW,1
RVDSADESNDDGFD,0
GMDSLAFSGGL,0
AGRQALTLYLKEELRKFWKKARIAW,1
NGAPQPFVRFG,0
DTHFPICIFCCGCCKTPKCGLCCKT,0
HADGVFTSDYSRLLGQLSARKYLESLI,0
CSCSSLMDKECVYFCHLDIIWVNTPEHIVP,0
VGTALGSLAEELNGYNRKKGGFSFRF,0
GDGRLYAFGL,0
GRGGPSNYVRL,0
QDSGDEWPQQPFVPRL,0
ATPFVPP,1
FLPGLIKAAVGVGSTILCKITKKC,1
IYNAIWPCKHCNKCKPGLLCKK,0
CYIQNCPRGG,0
ILPWKWPWWPWRR,1
AIPSYSHNFV,0
GGSSRSGCFGHKMDRIGTISGMGC,0
AMMGGFQGMR,0
DTNFPICIFCCKCCNNSQCGICCKT,0
KKLALALAKKWLALAKKLALALAKK,1
DPYAFGLGKRPADL,0
FIGALLRPALKLLAGK,1
QQDSEVEREMM,0
HISPSYDVEIDAGNMRNLLDI,0
DLSRFYGHFN,0
AYKKPPFNGSIF,0
PVPGSFG,1
VYEDKRLPNRYNFGL,0
ALWKTMLKKLGT,1
ECKFTVKPYLKRFQVYYKGRMWCP,1
WYKHVASPRYHTVGRAAGLLMGLRRSPYLW,0
LRVAPEEHPVLL,0
AAVRLRPVGSLFFLNRPHE,0
QTFTYSHGWTN,0
RDTMRCMVGRVYRPCWEV,0
FPNQHLCGSHLVEALYLVCGEKGFYYIPRM,0
GIGAVLTTGLPALISWIKRKRQQ,1
GSSSGLISMPRV,0
AYMYTNGGPGM,0
KWKLFKKIGAVLKVL,1
DYSDPTANGRHDPPRG,0
ALWKTLLKKV,1
SEFLKQYLGMSPR,0
GLLSGILGAGKKIVF,1
APGLFELPSRSV,0
EDVDHVFLRF,0
FFVVVLV,1
VEPEEEANGGEILA,0
FLSLIPHAINAVSAIAKHN,1
AGRQWIKAELRRYIRKRGRKAVIAW,1
VTWGKFQGSW,0
GQSSQRVFWRCYFNAVSCF,0
HSQGTFTSDYSKYLDSRRAQDFVQWLMST,0
NSELINSLLGIPK,0
FLSLLPSLVSGAVSLVKK,1
QHGTAPECFWKYCI,0
YKIFEPLRESN,0
IDLSRFYGHFN,0
GWTLNSAGYLLGPHAVDNHRSFNDKHGFT,0
HSGILLAWSGPRNRFVRI,0
WYCRCK,1
RSVEGASRMEKLLS,0
TSWGKFQGSW,0
QHWSYGLWPG,0
GFKDLLKGAAKALVKTVLF,1
GWKLPMGEMAVS,0
GMDRFSFSGHL,0
AKGFAANHS,1
ADDRNPLEECFRETDYEEFLEIAKNGLSTT,1
TSSLFPHPRL,0
EDVVHSFLRF,0
RRVPTGPNPLHH,0
AAASDNFMRF,0
APEASPFIRF,0
DGSYKMKHFRWSGPPAS,0
SPKMVQGSGCFGRKMDRISSSSGLGCKVLR,0
NGGTSGLFAFPRV,0
SCNCVCGVCCSC,1
RTVPSGPDPLHHH,0
KKLAKALKLPALLWLKLAKALKKA,1
MMHKSGCFGRRLDRIGSLSGLGCNVLRKY,0
FFSLIPKLVKGLISAFK,1
RLCIPYIIPC,0
AGSERIAKELKKYIKKWKKVIRAAW,1
KFGKIVGKVLKQLKKVSAVAKVAMKKG,1
RILSILRHQNLLKELQDLALQGAK,0
ADAFFLGPRY,0
DGVLNLYPFPRV,0
GFKNVEMMTARGF,0
QSFKNAEPGIKLCGREFIRAVIYTCGGSRW,0
NFDEIDRSGFV,0
SEDRSAGNSLKDSSLFSSARF,0
MDANAFRMSF,0
WGRQALTLELKEYLRKRGKKAFIAW,1
RVTPGGPDPLHN,0
APTDMYSFGL,0
LVNQHLCGSHLVEALYLVCGDRGFFYYPKV,0
GGETSGETKGMWFGPRL,0
DYWKPRHHPPKNN,0
DCYCRIPACIAGERRYGTCIYQGRLWAFCC,1
GIVEQCCHKPCTIYELENYCN,0
GGPQGPLRFG,0
ASGGQDFMRF,0
SALDKNFMRF,0
SNRSPSLRLRF,0
GSSGLISVPRV,0
HSDAIFTDNYSRFRKQMAVKKYLNSVLT,0
NRVYIHPFTL,0
AGSEAGGNLQRTNFLRF,0
PPITGLMQ,1
QHWSYGLSPG,0
SMADISDMPEDVPM,0
FISDQSRRKDLSDRPLPE,0
DMHDFFVGLM,0
GIVEQCCTSICSLYQLENYCN,0
ARGPQLRLRF,0
LIILVPPAY,1
HSDGLFTSEYSKMRGNAQVQKFIQNLM,0
GIVEQCCASVCSLYQLEHYCN,0
SLKSDTVTPLR,0
HSEGTFTSDYSKYLENKQAKDFVRWLMNA,0
AGTQRIWKELRRYIRKVGRIARKAW,1
LALALKHALHKALLLAKHLAHKLALA,1
FLPALAGIAGLLGKIF,1
NFDEIDRAGFGFN,0
SFRNGVGTGMKKTSFRRAKS,0
SSDRSALLKSKLRALLTAPR,0
APRPPGFTPFR,0
TPDINPAWYTGRGIRPVGRF,0
SPAQWQRANGLWG,0
ELHVNKARRVYIL,0
KWKLFKKIGIGAVLKVLTTGLPALIS,1
SGLQFAVMDGQGFLPFPRV,0
KKLALHALKKWLHALKKLAHLALKK,1
GAMPFSGGMYG,0
ESVLHQPQRF,0
CLGVGSCNDFAGCGYAVVCFW,1
TDMKDESDRGAHSERGALWFGPRL,0
PSAALAVEHGTTHPLE,0
DNKPPKKGPPNG,0
SPMDRSKMVRF,0
QHWSHGWFPG,0
VRLIVAVRIWRR,1
DFDEIDRSSFA,0
WYKHVASPRYHTVGRAAGLLMGL,0
QTFQYSRGWTN,0
GGGRAFAGSWSPYLERFYDY,0
PPVTTRSKFTF,0
HADGVFTSDFSKLLGQLSAKKYLESLM,0
APNRVLMRFG,0
FFFLSRIF,1
FLGGLIKIVPAMICAVTKKC,1
EAEEPLGTMRF,0
FSHDRNFLRF,0
ALWKTLLKKVLKA,1
FLKGIKGMLGKLF,1
TDPSWAMYNEHQLTTGQQAQPANEASE,0
NPELYQMNHFRWGQPPTHF,0
SLNTKNDFMRF,0
NSELINAILGSPTLFGEV,0
GFLDVLKGVGKAALGAVTHLINQ,1
NLLNKALGTVNGLLGRS,1
ERQVPTGSDPLHHK,0
ALDDLEGVGFGGML,0
AKAQRLTLYLKEELRKRGKKAFIAW,1
SSCFGGRIDRIGAQSGLGCNSFRY,0
RSLEGSSSPVTSLTRGRSLN,0
NPAFLFQPQRF,0
AGKETIRQYLKNEIKKKGRKAVIWW,1
YVMGHFRWDKF,0
EADPNKFYGLM,0
SPVPEDDRGDNFVRL,0
RSVESSGSSSSEPLSFLSQDQSVS,0
NFDEIDRAGMGFA,0
EQWGREEGEE,0
EHWSYGLRPG,0
TSQDITSGMWFGPRL,0
YADPNADPMAFLTKLIQIEARKLSGCSN,0
SEQPDVDDYLRDVVLQSEEPLY,0
SGNGGIVLGNSELDARNPERFFIGSRY,0
AGKEKIRKKLKNEWKKKGRKAVIAW,1
SVNPYLQGKRLDNVVA,0
AGRQALTLYLKEELRKRGKKWFIAW,1
GYSNKNFVRF,0
AWKETIRQFLKKTIQEKGKRAKIAW,1
TPHWRPQGRF,0
SPAQWQRANGLW,0
ADDINPKEECFFEDDYYEFE,1
AKLIALTLLGMGLALFRNHQS,1
FKNVQLSTARGF,0
PQLGLPFPRV,0
GNWNKFQGSW,0
NFDEIDRSGFNS,0
WRWYCRCK,1
NPASGFFGMR,0
SYPPEPSAADIREAFERPT,0
RSSCFGGRIDRIGAQSGLGCNSFRY,0
MPDQDPDRNSMLLNENSMLTEPIEPLNM,0
KNFFWKTFTSC,0
QHYSLEWKPG,0
GSSFLSPSQRPQGKDKKPPRV,0
RCRFCCRCCPRMRGCGICCRF,0
EVNFSPGWGT,0
KWCFRVCYRGICYRRCR,1
CSCSSLMDKECVYFCHLDIIW,0
KFPKFRRGIPFLFV,1
FLPIVTNLLSGLL,1
QGILRAGPAIALVGDARAVG,1
RDEEVTQREE,0
DETPGFFIKLSKSVPRI,0
LRTVPSGPDPLHHH,0
ISDRDYMGWMDF,0
DVRTPALRLRF,0
GIVEHCCHNTCSLYDLEGYCNQ,0
YKPRSFAMGF,0
KWPKFKKGIPWLFV,1
SDEEVQVPGGVISNGYFLFRPRN,0
SGPSYDEKEQENEDGNSVRL,0
HRHQGPIFDTRPSPFNPNQPRPGPIY,1
TYRKPPFNGSIF,0
DFDMLRCMLGRVYRPCWQV,0
FKCRRWQWRMKKLGAPSITCVRRAF,1
AGSDGRLYSFGL,0
KWKLLKKIGAVLKVL,1
GLSKGCFGLKLDRIGSMSGLGC,0
RASPYGVKLCGREFIRAVIFTCGGSRW,0
GYRKPPFNGSIFG,0
QVTFSRDWNA,0
NNFSDCFWKYCV,0
CGAHHAADAHHAADGC,1
SSCFGGRIDRIGAQSGLGCNS,0
SPSAAPLIRF,0
FVSRHLCGSNLVETLYSVCQDDGFFYIPKD,0
APFRNSEMMTARGF,0
SDRSPSLRLRF,0
DHMSHDVYSPRL,0
ALWKTLLKKVLKAAAKAAKNAVLVGANA,1
AGKETIRQFLKKKIQEKGKRATIWW,1
AGKETIRQFLKKKIQEGKKRATIWW,1
GWTLNSAGYLLGPHAIDNHRSFHDKHGLA,0
QSDDYGHMRF,0
YGGFLRRIRPKLKWDNE,0
FLSLIPHIVSGVASLAKHF,1
GNTKKAVPGFYGTR,0
QSEGTFSNYYSKYQEERMARDFLHWLMNS,0
GRGREFMSNLKEKLSGVKEKMKNS,1
GSAKVAFSAIRSTNH,0
WGRQALTKYLLEELRKRGKKAFIAW,1
EFNADDLTLRFG,0
GGAGEPLAFSPDMLSLRFG,0
ATSPAMSIKCCIYGCTKKDISVLC,0
GGESSNEAKGMWFGPRL,0
EVRYRQCYFNPISCF,0
HSQGSFTSDYSKHLDVKQAKDFVTWLLNT,0
WYKPAAGHSSYSVGRAAGLLSGLR,0
APPAALVTNGHNLGLLDIYDIQDRPTDI,0
RSGPPGLQGRLQRLLQASGNHAAGILTM,0
YGGFLRRIRPKLKWDNQ,0
GGSGSGETSGMWFGPRL,0
NAELINSLLGVPRVMSDA,0
KKLAKAPKLLALLWLKLAKALKKA,1
IVQQCTSGICSLYQENYCN,0
YGGFLRRQFKVVTRSQEDPNAYSEEFFDV,0
RRRPRPPYLPR,1
SNKDEEQRELLKAISNLL,0
AFLTLTPGSHVDSYVEA,0
AGWSSLKGAW,0
MVQGSGCFGRKMDRISSSSGLGCKVLR,0
FSGLMSEGSSLEA,0
HSDGTLTSELSRLRDRARLQRLLQGLL,0
DRVYVHPFNL,0
DDWSQFQGSW,0
RPKPQQFGLM,0
DAADFGDPYSFLYRLIQAEARKMSGCSN,0
GVLAY,1
NLRTYKKRYMFY,1
LEGEDDPDRSMKLSF,0
TNEIVEEQYTPQSLATLE,0
AGTEKIFQRLKKWIQEGKKIAKRAW,1
NVPIYQEPRF,0
YNWNSFGLRF,0
LDPICMAKCVLKCGKKAWCLTKCIAGC,1
AGRQALTLELKEYLRKRGKKWFIAW,1
NFDEIDRSGFDG,0
AKRQALTLYLKEELRKRGKKAFIAW,1
NSDEQFDDYGYMRF,0
SPSLDDERNDNFVRL,0
AGCKNFFWKTFSSC,0
ASSAPLIRFGR,0
WGKETIRKYLKNEIKKKGRKAVIAW,1
FSQAQGKVDMPLPRQ,0
NHLIGFDDPRLFSSSY,0
ADSRNPLEEEFRETNYEEF,1
FDIMGLIKKVAGAL,1
KPLLKKLLKKL,1
NFDEIDRAGFGFL,0
GVFDIIKGAGKQLIAHAMGKIAEKV,1
YDFEASSYSFGL,0
FLPGLIKVAVGVGSTILCKITKKC,1
GLDAYSFTGAL,0
ASLKSDTVTPLR,0
FRLPFQFFGANEDFNSGLT,0
LRQFLQKSLAAAT,0
GLFDVIKKVASVIGGL,0
GLKDWWNKHKDKIVKVVKEMGKAGINAAGK,1
GLGNNAFVGVR,0
YKIFEPLRESNL,0
AVHYSGGQPLGSKRPNDMLSQRYHFGL,0
AGCRNFFWKTFTSC,0
APVSVGGGTVLAKMYPRGNHWAVGHLM,0
EDVEHVFLRF,0
SFAKAPHLDL,0
KVLKAAAKAALNAVLVGANA,1
NRPYIHPFQL,0
DARTAPLRLRF,0
SGNSNELRRGKL,0
HSDAVFTDNYSRFRKQMAVKKYLNSVLT,0
GGKSGSNFIRF,0
GKKLALALALALALALALALKKA,1
FLKALWNVAKKVF,1
PAASESGFRRDP,0
SNGYLALPRQ,0
VKLIQIRIWIQYVTVLQMFSMKTKQ,1
LIILVPPFF,1
LDSLTGLGFGSQ,0
GFLDVVKHIGKAALGAVTHLINQ,1
DINFPICRFCCQCCNKPSCGICCEE,0
NSELINSLLGIPKVMTDA,0
QVRFRQCYFNPISCF,0
AGKKTIRQYLKNKIKKKGRKAVWAW,1
GSSGIIPFPRV,0
DSGEASGDLEE,0
DVPKSDQFVGLM,0
SYSMEHFRWGKPM,0
FDSLTGLGINSQ,0
APFIFPGPKV,0
KKLALALAKKWLPLAKKLALALAKK,1
SDPEVPGMWFGPRL,0
SGLQFAVLDGQGFLPFSRV,0
APSAPAGLEEKLR,0
AGKETIRQFLKKTIQEGKKRAKIWW,1
KRFGRLAKSFLRMRILLPRRKILLAS,1
NFDEIDRSGFG,0
AVNPFLDSIG,0
SMDDLDDPRLMTMSFG,0
AGRQALTLYLKEELRKFKKKARIAW,1
AMVSEFLKQAWFIENEEQEYVQTVK,1
NVGSVAREHGLPY,0
GKVLDKFGKIVGKVLKQLKKVSAVAKV,1
KKPPFNGSIF,0
AGTQRIKAYLRREIRKRGRKAVIAW,1
AWANRLTKELLEYLRKFGKIARKAW,1
APVMGFQGMR,0
GWLPTFGKILRKAMQLGPKLIQPI,1
ELLLDLI,1
GNNRPVYIPQPRPPHPRL,0
AGRQTIKAELRRYIRKRGRKKVIAW,1
SPAFLFQPQRF,0
AAMRSFNMGFG,0
SYSMEHFRWGKPV,0
GIGAILKVLATGLPTLISWIKNKRKQ,1
GPMGWVPVFYRF,0
KMVQGSGCFGRKMDRISSSSGLGCKVLRRH,0
GPSGGFNGALAR,0
QVNFSPGWGT,0
YPQEHRFSFGL,0
SYSMEHFRWGKPVGR,0
FLGALWKVAKKVF,1
FLPLIGKVLSGIL,1
FWGTLAKWALK,1
QATVGDVNTDRPGLLDLK,0
AWKETIRQYLKNKIKKKWRKAVIAW,1
DFDEIDRSGFA,0
TPDINPAWYAGRGIRPVGRF,0
LRQSQFVGSR,0
PCKNFFWKTFSSCK,0
SVGGSGGNDDNFMRF,0
NFDEIDRYSTFG,0
AWKETIFQRLKKKIQEKGKRATIAW,1
NFDEIDRSDFA,0
LPSQHLCGSHLVEALYFVCGPKGFYYLPKA,0
GCRRLCYKQRCVTYCRGR,1
FVNQHLCGSHLVEALYLVCGERGFFYTPKT,0
SADPNFLRFG,0
RGGRLCYCRRRFCVCVGR,1
QPDDYGHMRY,0
GRGGSSNYVRL,0
KIFEPLRDKNL,0
GGKQDNFIRF,0
YLFADVSTIGDFFHSI,0
PFKISIHL,1
ALWKTMLKKLGTMA,1
SPTLDDEHNDNFVRL,0
IDHFGFVGGL,0
PRRRRSSSRP,1
ESDDYGHMRF,0
QQFDDYGHLRF,0
AGRQALTLELKEYLRKRGKKAFIAW,1
QHWSHGWLPG,0
GLLLTPW,1
GPSMGFHGMR,0
AGRQTIKAYLRREIRKRGRKKVIAW,1
GSTGLIPFGRT,0
GVVDQCCTSICSLYQLQNYCN,0
CFFRDCSNMDWYR,0
APLSGFYGVR,0
AGKEKIRKKWKNEIKKKGRKAVIAW,1
GRFKRFRKKFKKLFKKLSPVIPLLHLG,1
KPNPERFYGLM,0
APRWKFGKRLEKLGRNVF,1
FGETSGETKGMWFGPRL,0
EAEEPSAFMTRL,0
GLVPCGETCFTGKCYTPGCSCSYPICKKN,1
GILNTIKSIASKLKRKAK,1
AGKETIRKYLKNEIKKKGRKAVIAW,1
RSMRLSFRARGYGFRGPGLQL,0
SPSAKWMRFG,0
RPRPQQFFGLM,0
SSPETMLSDVWWRENTENIPRSRFEDPPMW,0
QRTTNLVCECCFNYCTPDVVRKYCY,0
AGKETIRQYLKNEIKKKGRKAVWAW,1
EHWSYGWLPG,0
DGRTPALRLRF,0
GSTGLISFGRT,0
SFSVNPAVDILQHRYMEKVAQNNRNFLNRV,0
YKSDSFYGLM,0
FKAEYQSPSVGQSKGYFLFRPRN,0
VPNDWAHFRGSW,0
EAPPGFSPFR,0
PVKVYPNGAEDELAEAFPLEF,0
GTSGLISFPRT,0
GGSTSRSGCFGHKMDRIGTISGMGC,0
PEDQELESLSAIEAELEKVAHQLEEL,0
RSADGFGRME,0
DAFSPPEASLTGGQSLS,0
YVTGHFRWGRF,0
NSELINSLLSLPKNMNNA,0
AVDQDLGPEVPPENVLGALLRV,0
VKLFPWWNQY,1
AGTEKIFQRLKKTIQEGKKIAKRAW,1
KWKLFKKIGIGAVLKVLT,1
FFSLIPSLVGGLISAFK,1
HSEGTFSNDYSKYLEDRKAQEFVRWLMNN,0
GSASGLISMPRV,0
GSSGMISFPRT,0
APSMGFQGMR,0
WKKLFKKLKIL,1
SFRNGVGTGMKKTSFQRAKS,0
DGDMSGEGKGMWFGPRL,0
GSPGFSHSFV,0
AGGTGANSAMWFGPRL,0
GSSGLIPMGRV,0
SGMRNALVRF,0
DYGDPSANPKHDPGVPPS,0
SNSKCPDGPDCFVGLM,0
VGIVEQCCHSPCSLYDLENYCN,0
NPRWEFRGKFVGVR,0
KLGALWNVAKSKF,1
YVASLARTGDLPIRGQ,0
SIGRRGGYCAG,1
DKEGTLDFLECGSPHSAVPR,0
TPDINPAWYASRGIRPVGRF,0
